,title,week,sum
0,ゼルダの伝説 ブレス オブ ザ ワイルド（限定版含む）,186379.0,186379.0
1,ゼルダの伝説 ブレス オブ ザ ワイルド,44602.0,44602.0
2,ゼルダの伝説 ブレス オブ ザ ワイルド（限定版含む）,44483.0,230862
3,ゼルダの伝説 ブレス オブ ザ ワイルド,17482.0,62084
4,ゼルダの伝説 ブレス オブ ザ ワイルド（限定版含む）,32115.0,262977
5,ゼルダの伝説 ブレス オブ ザ ワイルド（限定版含む）,39103.0,302080
6,ゼルダの伝説 ブレス オブ ザ ワイルド,7796.0,81188
7,ゼルダの伝説 ブレス オブ ザ ワイルド（限定版含む）,29307.0,331387
8,ゼルダの伝説 ブレス オブ ザ ワイルド（限定版含む）,23016.0,354404
9,ゼルダの伝説 ブレス オブ ザ ワイルド,6487.0,95806
10,ゼルダの伝説 ブレス オブ ザ ワイルド（限定版含む）,20888.0,375291
11,ゼルダの伝説 ブレス オブ ザ ワイルド,4740.0,100546
12,ゼルダの伝説 ブレス オブ ザ ワイルド（限定版含む）,20364.0,395655
13,ゼルダの伝説 ブレス オブ ザ ワイルド（限定版含む）,25286.0,420941
14,ゼルダの伝説 ブレス オブ ザ ワイルド（限定版含む）,21926.0,442867
15,ゼルダの伝説 ブレス オブ ザ ワイルド（限定版含む）,11916.0,454783
16,ゼルダの伝説 ブレス オブ ザ ワイルド（限定版含む）,10849.0,465631
17,ゼルダの伝説 ブレス オブ ザ ワイルド,3286.0,122993
18,ゼルダの伝説 ブレス オブ ザ ワイルド（限定版含む）,10390.0,476021
19,ゼルダの伝説 ブレス オブ ザ ワイルド（限定版含む）,9666.0,485687
20,ゼルダの伝説 ブレス オブ ザ ワイルド（限定版含む）,8839.0,484526
21,ゼルダの伝説 ブレス オブ ザ ワイルド（限定版含む）,10200.0,504726
22,ゼルダの伝説 ブレス オブ ザ ワイルド（限定版含む）,8312.0,513038
23,ゼルダの伝説 ブレス オブ ザ ワイルド（限定版含む）,9144.0,522182
24,ゼルダの伝説 ブレス オブ ザ ワイルド（限定版含む）,7830.0,530012
25,ゼルダの伝説 ブレス オブ ザ ワイルド（限定版含む）,7015.0,537027.0
26,ゼルダの伝説 ブレス オブ ザ ワイルド（限定版含む）,5989.0,543016
27,,,
28,,,
29,,,
30,ゼルダの伝説 ブレス オブ ザ ワイルド（限定版含む）,5268.0,566032.0
31,,,
32,,,
33,,,
34,,,
35,,,
36,,,
37,ゼルダの伝説 ブレス オブ ザ ワイルド（限定版含む）,11634.0,668649
38,ゼルダの伝説 ブレス オブ ザ ワイルド（限定版含む）,14342.0,682992
39,,,
40,ゼルダの伝説 ブレス オブ ザ ワイルド（限定版含む）,35565.0,738026
41,ゼルダの伝説 ブレス オブ ザ ワイルド（限定版含む）,33024.0,771050
42,ゼルダの伝説 ブレス オブ ザ ワイルド（限定版含む）,31761.0,802811
43,ゼルダの伝説 ブレス オブ ザ ワイルド（限定版含む）,12415.0,815227
44,ゼルダの伝説 ブレス オブ ザ ワイルド（限定版含む）,9502.0,824728
45,ゼルダの伝説 ブレス オブ ザ ワイルド（限定版含む）,10240.0,834968
46,ゼルダの伝説 ブレス オブ ザ ワイルド（限定版含む）,12709.0,847677
47,ゼルダの伝説 ブレス オブ ザ ワイルド（限定版含む）,12087.0,859764
48,,,
49,ゼルダの伝説 ブレス オブ ザ ワイルド（限定版含む）,31761.0,802811
50,ゼルダの伝説 ブレス オブ ザ ワイルド（限定版含む）,12415.0,815227
51,ゼルダの伝説 ブレス オブ ザ ワイルド（限定版含む）,9502.0,824728
52,ゼルダの伝説 ブレス オブ ザ ワイルド（限定版含む）,10240.0,834968
53,ゼルダの伝説 ブレス オブ ザ ワイルド（限定版含む）,12709.0,847677
54,ゼルダの伝説 ブレス オブ ザ ワイルド（限定版含む）,12087.0,859764
55,,,
56,ゼルダの伝説 ブレス オブ ザ ワイルド（限定版含む）,12252.0,883780
57,ゼルダの伝説 ブレス オブ ザ ワイルド（限定版含む）,12675.0,896455
58,ゼルダの伝説 ブレス オブ ザ ワイルド（限定版含む）,11611.0,908067
59,ゼルダの伝説 ブレス オブ ザ ワイルド（限定版含む）,10434.0,918501
60,,,
61,,,
62,,,
63,ゼルダの伝説 ブレス オブ ザ ワイルド（限定版含む）,6990.0,954532
64,ゼルダの伝説 ブレス オブ ザ ワイルド（限定版含む）,6895.0,961427
65,,,
66,,,
67,ゼルダの伝説 ブレス オブ ザ ワイルド（限定版含む）,5754.0,986181
68,ゼルダの伝説 ブレス オブ ザ ワイルド（限定版含む）,5687.0,991867
69,,,
70,ゼルダの伝説 ブレス オブ ザ ワイルド（限定版含む）,6722.0,1004689
71,,,
72,ゼルダの伝説 ブレス オブ ザ ワイルド（限定版含む）,6939.0,1018144
73,ゼルダの伝説 ブレス オブ ザ ワイルド（限定版含む）,6486.0,1024630
74,ゼルダの伝説 ブレス オブ ザ ワイルド（限定版含む）,6143.0,1030773
75,ゼルダの伝説 ブレス オブ ザ ワイルド（限定版含む）,6322.0,1037095
76,ゼルダの伝説 ブレス オブ ザ ワイルド（限定版含む）,6622.0,1043717
77,ゼルダの伝説 ブレス オブ ザ ワイルド（限定版含む）,7173.0,1050891
78,,,
79,,,
80,,,
81,ゼルダの伝説 ブレス オブ ザ ワイルド（限定版含む）,9682.0,1084321
82,ゼルダの伝説 ブレス オブ ザ ワイルド（限定版含む）,7472.0,1091794
83,,,
84,ゼルダの伝説 ブレス オブ ザ ワイルド（限定版含む）,6515.0,1105725
85,,,
86,ゼルダの伝説 ブレス オブ ザ ワイルド（限定版含む）,5910.0,1117445
87,,,
88,,,
89,,,
90,,,
91,,,
92,ゼルダの伝説 ブレス オブ ザ ワイルド（限定版含む）,4628.0,1147476
93,ゼルダの伝説 ブレス オブ ザ ワイルド（限定版含む）,5706.0,1153183
94,,,
95,,,
96,ゼルダの伝説 ブレス オブ ザ ワイルド（限定版含む）,8479.0,1325825
97,,,
98,,,
99,ゼルダの伝説　ブレス オブ ザ ワイルド,6309.0,1281348
100,ゼルダの伝説 ブレス オブ ザ ワイルド（限定版含む）,15250.0,1227293
101,,,
102,,,
103,,,
104,,,
105,,,
106,ゼルダの伝説 ブレス オブ ザ ワイルド（限定版含む）,7273.0,1283831
107,,,
108,,,
109,,,
110,ゼルダの伝説 ブレス オブ ザ ワイルド（限定版含む）,9838.0,1317346
111,ゼルダの伝説 ブレス オブ ザ ワイルド（限定版含む）,8479.0,1325825
112,,,
113,,,
114,ゼルダの伝説　ブレス オブ ザ ワイルド,6309.0,1281348
115,,,
116,,,
117,,,
118,ゼルダの伝説 ブレス オブ ザ ワイルド,10497.0,1309237
119,ゼルダの伝説 ブレス オブ ザ ワイルド,5709.0,1314946
120,ゼルダの伝説 ブレス オブ ザ ワイルド,4518.0,1319464.0
121,ゼルダの伝説 ブレス オブ ザ ワイルド,4076.0,1323540
122,ゼルダの伝説 ブレス オブ ザ ワイルド,4695.0,1328235
123,ゼルダの伝説 ブレス オブ ザ ワイルド,4334.0,1332569
124,ゼルダの伝説 ブレス オブ ザ ワイルド,5598.0,1338167
125,ゼルダの伝説 ブレス オブ ザ ワイルド,4795.0,1342962
126,,,
127,,,
128,,,
129,,,
130,,,
131,,,
132,,,
133,,,
134,,,
135,,,
136,ゼルダの伝説 夢をみる島,16430.0,203580
137,ゼルダの伝説 夢をみる島,9338.0,212918
138,,,
139,,,
140,,,
141,,,
142,,,
143,,,
144,,,
145,,,
146,,,
147,,,
148,,,
149,,,
150,,,
151,,,
152,,,
153,,,
154,,,
155,,,
156,,,
157,,,
158,,,
159,,,
160,,,
161,,,
162,,,
163,,,
164,,,
165,,,
166,,,
167,,,
168,,,
169,,,
170,,,
171,,,
172,ゼルダの伝説 ブレス オブ ザ ワイルド,3327.0,1584418
173,ゼルダの伝説 ブレス オブ ザ ワイルド,2972.0,1587390
174,ゼルダの伝説 ブレス オブ ザ ワイルド,3338.0,1590728
175,ゼルダの伝説 ブレス オブ ザ ワイルド,3416.0,1594144
176,ゼルダの伝説 ブレス オブ ザ ワイルド,3352.0,1597496
177,ゼルダの伝説 ブレス オブ ザ ワイルド,3043.0,1600539
178,ゼルダの伝説 ブレス オブ ザ ワイルド,2901.0,1603440
179,ゼルダの伝説 ブレス オブ ザ ワイルド,3223.0,1606663
180,ゼルダの伝説 ブレス オブ ザ ワイルド,3124.0,1609787
181,ゼルダの伝説 ブレス オブ ザ ワイルド,3053.0,1612840
182,ゼルダの伝説 ブレス オブ ザ ワイルド,4019.0,1616859.0
183,ゼルダの伝説 ブレス オブ ザ ワイルド,3694.0,1620553
184,ゼルダの伝説 ブレス オブ ザ ワイルド,4233.0,1624786
185,ゼルダの伝説 ブレス オブ ザ ワイルド,5203.0,1629989
186,ゼルダの伝説 ブレス オブ ザ ワイルド,3498.0,1633487
187,ゼルダの伝説 ブレス オブ ザ ワイルド,3567.0,1637054
188,ゼルダの伝説 ブレス オブ ザ ワイルド,3996.0,1641050
189,ゼルダの伝説 ブレス オブ ザ ワイルド,4575.0,1645625
190,ゼルダの伝説 ブレス オブ ザ ワイルド,4297.0,1649922
191,ゼルダの伝説 ブレス オブ ザ ワイルド,4369.0,1654291
192,ゼルダの伝説 ブレス オブ ザ ワイルド,4509.0,1658800
193,ゼルダの伝説 ブレス オブ ザ ワイルド,4166.0,1662966
194,ゼルダの伝説 ブレス オブ ザ ワイルド,3662.0,1666628
195,ゼルダの伝説 ブレス オブ ザ ワイルド,3051.0,1669679
196,ケイデンス・オブ・ハイラル： クリプト・オブ・ネクロダンサー feat. ゼルダの伝説,1539.0,1539
197,ゼルダの伝説 ブレス オブ ザ ワイルド,5440.0,1760730
198,ゼルダの伝説 ブレス オブ ザ ワイルド,5032.0,1765762
199,ゼルダの伝説 ブレス オブ ザ ワイルド,5473.0,1771235
200,ゼルダの伝説 ブレス オブ ザ ワイルド,4631.0,1775866.0
201,ゼルダの伝説 ブレス オブ ザ ワイルド,4470.0,1780336
202,ゼルダの伝説 ブレス オブ ザ ワイルド,4325.0,1784661
203,ゼルダの伝説 ブレス オブ ザ ワイルド,4839.0,1789500
204,ゼルダの伝説 ブレス オブ ザ ワイルド,3998.0,1793498
205,ゼルダの伝説 ブレス オブ ザ ワイルド,13902.0,1728037
206,ゼルダの伝説 ブレス オブ ザ ワイルド,13609.0,1741646
207,ゼルダの伝説 ブレス オブ ザ ワイルド,7305.0,1748951
208,ゼルダの伝説 ブレス オブ ザ ワイルド,6339.0,1755290
209,ゼルダの伝説 ブレス オブ ザ ワイルド,5440.0,1760730
210,ゼルダの伝説 ブレス オブ ザ ワイルド,5032.0,1765762
211,ゼルダの伝説 ブレス オブ ザ ワイルド,5473.0,1771235
212,ゼルダの伝説 ブレス オブ ザ ワイルド,4631.0,1775866.0
213,ゼルダの伝説 ブレス オブ ザ ワイルド,4470.0,1780336
214,ゼルダの伝説 ブレス オブ ザ ワイルド,4325.0,1784661
215,ゼルダの伝説 ブレス オブ ザ ワイルド,4839.0,1789500
216,ゼルダの伝説 ブレス オブ ザ ワイルド,3998.0,1793498
217,ゼルダの伝説 ブレス オブ ザ ワイルド,3332.0,1796830
218,ゼルダの伝説 ブレス オブ ザ ワイルド,3100.0,1799930
219,ゼルダの伝説 ブレス オブ ザ ワイルド,2858.0,1802788
220,ゼルダの伝説 ブレス オブ ザ ワイルド,2199.0,1804987
221,ゼルダの伝説 ブレス オブ ザ ワイルド,1950.0,1806937
222,ゼルダの伝説 ブレス オブ ザ ワイルド,2024.0,1808961
223,ゼルダの伝説 ブレス オブ ザ ワイルド,2697.0,1811658
224,ゼルダの伝説 ブレス オブ ザ ワイルド,2667.0,1814325.0
225,ゼルダの伝説 ブレス オブ ザ ワイルド,1869.0,1816194.0
226,ゼルダの伝説 ブレス オブ ザ ワイルド,2013.0,1818207
227,ゼルダの伝説 ブレス オブ ザ ワイルド,1907.0,1820114
228,ゼルダの伝説 ブレス オブ ザ ワイルド,1951.0,1824086
229,ゼルダの伝説 ブレス オブ ザ ワイルド,2686.0,1826772
230,ゼルダの伝説 ブレス オブ ザ ワイルド,2617.0,1829389
231,ゼルダの伝説 ブレス オブ ザ ワイルド,2991.0,1832380
232,ゼルダの伝説 ブレス オブ ザ ワイルド,3558.0,1835938
233,ゼルダの伝説 スカイウォードソード HD,159089.0,159089
234,ゼルダの伝説 ブレス オブ ザ ワイルド,3485.0,1839423
235,ゼルダの伝説 スカイウォードソード HD,42642.0,201731
236,ゼルダの伝説 ブレス オブ ザ ワイルド,4455.0,1843878
237,ゼルダの伝説 スカイウォードソード HD,18620.0,220351
238,ゼルダの伝説 ブレス オブ ザ ワイルド,3924.0,1847802
